01022500
01031500
01047000
01052500
01054200
01055000
01057000
01073000
01078000
01123000
01134500
01137500
01139000
01139800
01142500
01144000
01162500
01169000
01170100
01181000
01187300
01195100
04296000
01333000
01350000
01350080
01350140
01365000
01411300
01413500
01414500
01415000
01423000
01434025
01435000
01439500
01440000
01440400
01451800
01466500
01484100
01487000
01491000
01510000
01516500
01518862
01532000
01539000
01542810
01543000
01543500
01544500
01545600
01547700
01548500
01549500
01550000
01552000
01552500
01557500
01567500
01568000
01580000
01583500
01586610
01591400
01594950
01596500
01605500
01606500
01632000
01632900
01634500
01638480
01639500
01644000
01664000
01666500
01667500
01669000
01669520
02011400
02013000
02014000
02015700
02016000
02017500
02018000
02027000
02027500
02028500
02038850
02046000
02051500
02053200
02053800
02055100
02056900
02059500
02064000
02065500
02069700
02070000
02074500
02077200
02081500
02082950
02092500
02096846
02102908
02108000
02111180
02111500
02112120
02112360
02118500
02125000
02128000
02137727
02140991
02143000
02143040
02149000
02152100
02177000
02178400
02193340
02196000
02198100
02202600
02212600
02215100
02216180
02221525
02231000
02245500
02246000
02296500
02297155
02297310
02298123
02298608
02299950
02300700
02342933
02349900
02350900
02361000
02363000
02369800
02371500
02372250
02374500
02381600
02384540
02395120
02415000
02427250
02430085
02450250
02464000
02464360
02465493
02469800
02472000
02472500
02479155
02479300
02479560
02481000
02481510
04015330
04024430
04027000
04040500
04043050
04045500
04057510
04057800
04059500
04063700
04074950
04105700
04115265
04122200
04122500
04127918
04127997
04161580
04185000
04196800
04197100
04197170
04213000
04213075
04216418
04221000
04224775
04233000
04256000
03010655
03011800
03015500
03021350
03026500
03028000
03049000
03049800
03050000
03069500
03070500
03076600
03078000
03140000
03144000
03170000
03173000
03180500
03182500
03186500
03237280
03237500
03238500
03241500
03280700
03281500
03285000
03291780
03338780
03340800
03346000
03364500
03366500
03368000
03384450
03439000
03455500
03456500
03460000
03463300
03471500
03473000
03479000
03488000
03498500
03500000
03500240
03504000
03574500
03592718
03604000
05291000
05362000
05393500
05399500
05408000
05413500
05414000
05444000
05454000
05458000
05466500
05487980
05488200
05489000
05495000
05495500
05501000
05503800
05507600
05508805
05525500
05556500
05584500
05591550
05592050
05592575
05593575
05593900
05595730
07291000
07359610
07362100
07362587
07375000
08013000
08014500
05057200
05120500
06221400
06224000
06278300
06280300
06289000
06291500
06311000
06332515
06339100
06344600
06350000
06352000
06404000
06406000
06409000
06431500
06440200
06447500
06470800
06477500
06479215
06601000
06614800
06622700
06623800
06632400
06746095
06803510
06803530
06814000
06847900
06853800
06876700
06878000
06879650
06885500
06888500
06889200
06889500
06892000
06903400
06906800
06910800
06911900
06917000
06918460
06919500
06921070
06921200
07057500
07060710
07066000
07083000
07142300
07145700
07167500
07180500
07184000
07195800
07196900
07197000
07208500
07261000
07263295
07299670
07301410
07315200
07315700
07335700
07340300
07346045
08023080
08050800
08066200
08066300
08070000
08070200
08082700
08086212
08086290
08101000
08103900
08104900
08109700
08150800
08158700
08158810
08164300
08164600
08165300
08171300
08175000
08176900
08178880
08189500
08190000
08190500
08194200
08195000
08196000
08198500
08200000
08202700
08267500
08269000
08271000
08324000
08377900
08378500
08380500
09035800
09035900
09047700
09065500
09066000
09066200
09066300
09081600
09107000
09210500
09223000
09306242
09312600
09352900
09378170
09386900
09404450
09430600
09447800
09484600
09492400
09494000
09497980
09505350
09505800
09508300
09510200
09512280
09513780
10234500
10244950
10336645
10336660
10343500
12010000
12013500
12020000
12025700
12035000
12040500
12041200
12048000
12054000
12056500
12073500
12082500
12092000
12114500
12115000
12117000
12143600
12144000
12145500
12147500
12167000
12175500
12178100
12186000
12189500
12375900
12377150
12381400
12383500
12390700
12411000
12447390
12451000
12488500
13011500
13011900
13018300
13023000
13161500
13235000
13240000
13313000
13331500
14020000
14096850
14137000
14138800
14138870
14138900
14139800
14141500
14154500
14158790
14166500
14182500
14185000
14185900
14187000
14216500
14222500
14236200
14301000
14303200
14305500
14306340
14306500
14308990
14309500
14316700
14325000
14362250
14400000
10259000
11124500
11141280
11143000
11148900
11151300
11176400
11230500
11237500
11264500
11266500
11284400
11381500
11451100
11468500
11473900
11475560
11476600
11478500
11480390
11481200
11482500
11522500
11523200
11528700
11532500
